[gd_scene load_steps=11 format=3 uid="uid://cgrejd4v5ywd3"]

[ext_resource type="Script" uid="uid://b2lwj7ap00k72" path="res://main.gd" id="1_h2yge"]
[ext_resource type="PackedScene" uid="uid://bccp5jxnm18cp" path="res://ground.tscn" id="2_0xm2m"]
[ext_resource type="Texture2D" uid="uid://d2posvfofjoqg" path="res://assets/img/tromsdalstinden.png" id="3_7mycd"]
[ext_resource type="PackedScene" uid="uid://dnlnc82km7nue" path="res://car.tscn" id="3_h2yge"]
[ext_resource type="Shader" uid="uid://c8n24bpcms5uf" path="res://sky.gdshader" id="4_sky"]
[ext_resource type="PackedScene" uid="uid://oyfamr18wj3p" path="res://aurora.tscn" id="5_aurora"]
[ext_resource type="PackedScene" uid="uid://7wf22o12pssd" path="res://mountain.tscn" id="7_272bh"]

[sub_resource type="ShaderMaterial" id="ShaderMaterial_sky"]
shader = ExtResource("4_sky")
shader_parameter/background_texture = ExtResource("3_7mycd")
shader_parameter/use_background_texture = false
shader_parameter/background_blend = 1.0
shader_parameter/background_height = 3.262000154945
shader_parameter/background_width = 0.23000000766512
shader_parameter/background_vertical_offset = 0.122000029545
shader_parameter/background_horizontal_offset = -0.17758997761819997
shader_parameter/horizon_color = Color(0.5061762, 0.039820664, 0.117097475, 1)
shader_parameter/sky_color = Color(0.063, 0, 0.173, 1)
shader_parameter/star_color = Color(1, 1, 1, 1)
shader_parameter/moon_color = Color(0.627451, 1, 0.8901961, 1)
shader_parameter/star_density = 1.0
shader_parameter/star_brightness = 1.4470000687325
shader_parameter/moon_position = Vector2(0.81, 0.185)
shader_parameter/moon_size = 0.05400000186648
shader_parameter/background_moonlight_intensity = 0.5

[sub_resource type="Sky" id="Sky_synth"]
sky_material = SubResource("ShaderMaterial_sky")

[sub_resource type="Environment" id="Environment_synth"]
background_mode = 2
sky = SubResource("Sky_synth")
sky_custom_fov = 100.0
ambient_light_source = 2
ambient_light_color = Color(0.44291076, 0.44291076, 0.44291073, 1)

[node name="Main" type="Node3D"]
script = ExtResource("1_h2yge")

[node name="WorldEnvironment" type="WorldEnvironment" parent="."]
environment = SubResource("Environment_synth")

[node name="Camera" type="Camera3D" parent="."]
unique_name_in_owner = true
transform = Transform3D(1, 0, 0, 0, 0.9429557, 0.3329183, 0, -0.3329183, 0.9429557, 0, 0.9204564, 0)

[node name="Ground" parent="." instance=ExtResource("2_0xm2m")]
unique_name_in_owner = true
transform = Transform3D(-4.371139e-08, 1, 0, -1, -4.371139e-08, 0, 0, 0, 1, 0, -100.91819, -8.114407)

[node name="Car" parent="." instance=ExtResource("3_h2yge")]
unique_name_in_owner = true
transform = Transform3D(1, 0, 0, 0, 0.998898, -0.046932105, 0, 0.046932105, 0.998898, 0, -1.1227423, -2.2088487)

[node name="Aurora" parent="." instance=ExtResource("5_aurora")]
transform = Transform3D(1000.00006, 0, 0, 0, 65.23367, 75.79295, 0, -75.79295, 65.23367, 0, 35.249466, -241.92548)

[node name="CanvasLayer" type="CanvasLayer" parent="."]

[node name="Moon" type="DirectionalLight3D" parent="."]
transform = Transform3D(-0.92512363, -0.093173444, 0.3680557, -4.1320217e-08, 0.96941966, 0.24540879, -0.3796659, 0.2270335, -0.896833, 0, 0, -69.9392)
light_color = Color(1.5883148e-06, 0.54654634, 0.44373995, 1)
light_angular_distance = 14.15
shadow_enabled = true
shadow_opacity = 0.69

[node name="Mountain" parent="." instance=ExtResource("7_272bh")]
transform = Transform3D(1, 0, 0, 0, 1, 0, 0, 0, 1, -13.761629, 1.5240517, -78.004196)
