[gd_scene load_steps=14 format=3 uid="uid://cgrejd4v5ywd3"]

[ext_resource type="Script" uid="uid://b2lwj7ap00k72" path="res://main.gd" id="1_h2yge"]
[ext_resource type="PackedScene" uid="uid://bccp5jxnm18cp" path="res://ground.tscn" id="2_0xm2m"]
[ext_resource type="PackedScene" uid="uid://dnlnc82km7nue" path="res://car.tscn" id="3_h2yge"]
[ext_resource type="Shader" uid="uid://c8n24bpcms5uf" path="res://sky.gdshader" id="4_sky"]
[ext_resource type="PackedScene" uid="uid://oyfamr18wj3p" path="res://aurora.tscn" id="5_aurora"]
[ext_resource type="PackedScene" uid="uid://7wf22o12pssd" path="res://mountain.tscn" id="7_272bh"]
[ext_resource type="AudioStream" uid="uid://dntxq22lnlcgt" path="res://assets/sound/bossfightfeeling - 02.04.2023, 12.26.wav" id="8_5vw27"]
[ext_resource type="Shader" uid="uid://b7mfuslajspmy" path="res://moon.gdshader" id="8_kek77"]

[sub_resource type="ShaderMaterial" id="ShaderMaterial_sky"]
shader = ExtResource("4_sky")
shader_parameter/horizon_color = Color(0.5061762, 0.039820664, 0.117097475, 1)
shader_parameter/sky_color = Color(0.063, 0, 0.173, 1)
shader_parameter/star_color = Color(1, 1, 1, 1)
shader_parameter/star_density = 1.0
shader_parameter/star_brightness = 1.3330000633175

[sub_resource type="Sky" id="Sky_synth"]
sky_material = SubResource("ShaderMaterial_sky")

[sub_resource type="Environment" id="Environment_synth"]
background_mode = 2
sky = SubResource("Sky_synth")
sky_custom_fov = 100.0
ambient_light_source = 2
ambient_light_color = Color(0, 0.1871664, 0.1465011, 1)
ambient_light_energy = 0.01

[sub_resource type="ShaderMaterial" id="ShaderMaterial_4c57u"]
render_priority = 0
shader = ExtResource("8_kek77")

[sub_resource type="SphereMesh" id="SphereMesh_kek77"]
material = SubResource("ShaderMaterial_4c57u")

[node name="Main" type="Node3D"]
script = ExtResource("1_h2yge")

[node name="WorldEnvironment" type="WorldEnvironment" parent="."]
environment = SubResource("Environment_synth")

[node name="Camera" type="Camera3D" parent="."]
unique_name_in_owner = true
transform = Transform3D(1, 0, 0, 0, 0.9429557, 0.3329183, 0, -0.3329183, 0.9429557, 0, 0.9204564, 0)

[node name="Ground" parent="." instance=ExtResource("2_0xm2m")]
unique_name_in_owner = true
transform = Transform3D(-4.371139e-08, 1, 0, -1, -4.371139e-08, 0, 0, 0, 1, 0, -100.91819, -8.114407)
rotation_speed = 1.69

[node name="Car" parent="." instance=ExtResource("3_h2yge")]
unique_name_in_owner = true
transform = Transform3D(1, 0, 0, 0, 0.998898, -0.046932105, 0, 0.046932105, 0.998898, 0, -1.1227423, -2.2088487)

[node name="Aurora" parent="." instance=ExtResource("5_aurora")]
transform = Transform3D(2000, 0, 0, 0, 76.95932, 171.67029, 0, -128.75272, 102.61243, 174.25262, 33.15435, -341.32916)

[node name="CanvasLayer" type="CanvasLayer" parent="."]

[node name="Mountain" parent="." instance=ExtResource("7_272bh")]
transform = Transform3D(1, 0, 0, 0, 1, 0, 0, 0, 1, -13.761629, 1.5240517, -78.004196)

[node name="Music" type="AudioStreamPlayer" parent="."]
stream = ExtResource("8_5vw27")
autoplay = true

[node name="Light" type="DirectionalLight3D" parent="."]
transform = Transform3D(-0.9251237, -0.09317341, 0.36805564, -4.132022e-08, 0.9694197, 0.24540883, -0.37966594, 0.22703351, -0.89683306, 238.6495, 106.64763, -565.4971)
light_color = Color(1.5883148e-06, 0.54654634, 0.44373995, 1)
light_angular_distance = 14.15
shadow_enabled = true
shadow_opacity = 0.69

[node name="Moon" type="MeshInstance3D" parent="."]
transform = Transform3D(50, 0, 0, 0, 50, 0, 0, 0, 50, 238.6495, 106.64763, -565.4971)
mesh = SubResource("SphereMesh_kek77")
